25
50
100
150
200
400
600
800
1000
1500
2000
2500
3000
4000
5000
6000
7000
8000
9000
10500
12000
13500
15000
17000
19000
21000
23500
26000
28500
31000
34000
37000
40000
43000
46000
49000
52500
56000
59500
63000
66500
70000
74000
78000
82000
86000
90000
95000
100000
105000
110000
115000
120000
126000
132000
138000
144000
150000
157500
165000
172500
180000
190000
200000
210000
220000
230000
240000
250000
260000
270000
280000
290000
300000
310000
320000
330000
340000
350000
360000
370000
380000
390000
400000
410000
420000
430000
440000
450000
470000
490000
510000
530000
550000
570000
590000
610000
630000
650000